1867.4043508 Training_Time (s)
33.21688059999997 Test_time (s)
98.88 Overall accuracy (%)
97.12 Average accuracy (%)
98.73 Kappa accuracy (%)
[100.    98.52  99.2   99.53  98.39 100.   100.   100.    66.67  98.29
  99.28  94.19 100.    99.82 100.   100.  ] Each accuracy (%)
                              precision    recall  f1-score   support

                     Alfalfa     1.0000    1.0000    1.0000        41
                 Corn-notill     0.9806    0.9852    0.9829      1285
                Corn-mintill     0.9686    0.9920    0.9802       747
                        Corn     0.9907    0.9953    0.9930       213
               Grass-pasture     0.9977    0.9839    0.9907       435
                 Grass-trees     0.9970    1.0000    0.9985       657
         Grass-pasture-mowed     0.7812    1.0000    0.8772        25
               Hay-windrowed     1.0000    1.0000    1.0000       430
                        Oats     1.0000    0.6667    0.8000        18
              Soybean-notill     0.9954    0.9829    0.9891       875
             Soybean-mintill     0.9937    0.9928    0.9932      2210
               Soybean-clean     0.9960    0.9419    0.9682       534
                       Wheat     1.0000    1.0000    1.0000       185
                       Woods     0.9974    0.9982    0.9978      1139
Buildings-Grass-Trees-Drives     0.9886    1.0000    0.9943       347
          Stone-Steel-Towers     0.8485    1.0000    0.9180        84

                    accuracy                         0.9888      9225
                   macro avg     0.9710    0.9712    0.9677      9225
                weighted avg     0.9893    0.9888    0.9888      9225

[[  41    0    0    0    0    0    0    0    0    0    0    0    0    0
     0    0]
 [   0 1266    2    0    0    1    0    0    0    0   14    0    0    0
     0    2]
 [   0    5  741    1    0    0    0    0    0    0    0    0    0    0
     0    0]
 [   0    0    0  212    0    0    0    0    0    0    0    1    0    0
     0    0]
 [   0    0    1    0  428    0    6    0    0    0    0    0    0    0
     0    0]
 [   0    0    0    0    0  657    0    0    0    0    0    0    0    0
     0    0]
 [   0    0    0    0    0    0   25    0    0    0    0    0    0    0
     0    0]
 [   0    0    0    0    0    0    0  430    0    0    0    0    0    0
     0    0]
 [   0    0    6    0    0    0    0    0   12    0    0    0    0    0
     0    0]
 [   0   12    0    0    0    0    0    0    0  860    0    1    0    1
     0    1]
 [   0    8    0    0    1    1    1    0    0    4 2194    0    0    1
     0    0]
 [   0    0   15    1    0    0    0    0    0    0    0  503    0    1
     2   12]
 [   0    0    0    0    0    0    0    0    0    0    0    0  185    0
     0    0]
 [   0    0    0    0    0    0    0    0    0    0    0    0    0 1137
     2    0]
 [   0    0    0    0    0    0    0    0    0    0    0    0    0    0
   347    0]
 [   0    0    0    0    0    0    0    0    0    0    0    0    0    0
     0   84]]