1486.7632409 Training_Time (s)
41.71214759999998 Test_time (s)
93.44 Overall accuracy (%)
88.61 Average accuracy (%)
92.52 Kappa accuracy (%)
[ 93.18  86.15  95.94  96.    97.82  99.42  40.74 100.    52.63  93.93
  93.05  81.17  98.46  99.83  89.37 100.  ] Each accuracy (%)
                              precision    recall  f1-score   support

                     Alfalfa     0.9111    0.9318    0.9213        44
                 Corn-notill     0.9205    0.8615    0.8900      1357
                Corn-mintill     0.8937    0.9594    0.9254       789
                        Corn     0.9600    0.9600    0.9600       225
               Grass-pasture     0.9089    0.9782    0.9423       459
                 Grass-trees     0.9477    0.9942    0.9704       693
         Grass-pasture-mowed     0.8462    0.4074    0.5500        27
               Hay-windrowed     0.9361    1.0000    0.9670       454
                        Oats     1.0000    0.5263    0.6897        19
              Soybean-notill     0.9117    0.9393    0.9253       923
             Soybean-mintill     0.9378    0.9305    0.9341      2332
               Soybean-clean     0.9501    0.8117    0.8755       563
                       Wheat     0.9948    0.9846    0.9897       195
                       Woods     0.9804    0.9983    0.9893      1202
Buildings-Grass-Trees-Drives     0.9619    0.8937    0.9266       367
          Stone-Steel-Towers     0.7521    1.0000    0.8585        88

                    accuracy                         0.9344      9737
                   macro avg     0.9258    0.8861    0.8947      9737
                weighted avg     0.9352    0.9344    0.9335      9737

[[  41    0    0    0    0    0    0    3    0    0    0    0    0    0
     0    0]
 [   4 1169   20    0    0    2    0   12    0   23  114    1    0    0
     5    7]
 [   0   30  757    0    0    0    0    0    0    0    0    2    0    0
     0    0]
 [   0    4    3  216    0    0    0    0    0    0    1    1    0    0
     0    0]
 [   0    0    0    0  449    0    0    0    0    1    0    0    1    8
     0    0]
 [   0    0    0    0    0  689    0    0    0    0    0    0    0    4
     0    0]
 [   0    0    0    0   16    0   11    0    0    0    0    0    0    0
     0    0]
 [   0    0    0    0    0    0    0  454    0    0    0    0    0    0
     0    0]
 [   0    0    7    0    1    1    0    0   10    0    0    0    0    0
     0    0]
 [   0   30    0    0    0    1    0    0    0  867   20    1    0    4
     0    0]
 [   0   34   41    0   15    3    2    0    0   46 2170   19    0    0
     1    1]
 [   0    3   19    9    9    0    0   16    0   14    9  457    0    0
     6   21]
 [   0    0    0    0    3    0    0    0    0    0    0    0  192    0
     0    0]
 [   0    0    0    0    0    1    0    0    0    0    0    0    0 1200
     1    0]
 [   0    0    0    0    1   30    0    0    0    0    0    0    0    8
   328    0]
 [   0    0    0    0    0    0    0    0    0    0    0    0    0    0
     0   88]]