13.271546700008912 Training_Time (s)
49.429342599993106 Test_time (s)
54.71 Overall accuracy (%)
31.27 Average accuracy (%)
45.3 Kappa accuracy (%)
[  0.     7.32   0.     0.    55.86  95.13   0.   100.     0.    46.63
  95.43   0.     0.    99.91   0.     0.  ] Each accuracy (%)
                              precision    recall  f1-score   support

                     Alfalfa     0.0000    0.0000    0.0000        41
                 Corn-notill     0.8246    0.0732    0.1344      1285
                Corn-mintill     0.0000    0.0000    0.0000       747
                        Corn     0.0000    0.0000    0.0000       213
               Grass-pasture     0.6412    0.5586    0.5971       435
                 Grass-trees     0.6275    0.9513    0.7562       657
         Grass-pasture-mowed     0.0000    0.0000    0.0000        25
               Hay-windrowed     0.8350    1.0000    0.9101       430
                        Oats     0.0000    0.0000    0.0000        18
              Soybean-notill     0.5292    0.4663    0.4957       875
             Soybean-mintill     0.4159    0.9543    0.5793      2210
               Soybean-clean     0.0000    0.0000    0.0000       534
                       Wheat     0.0000    0.0000    0.0000       185
                       Woods     0.8288    0.9991    0.9061      1139
Buildings-Grass-Trees-Drives     0.0000    0.0000    0.0000       347
          Stone-Steel-Towers     0.0000    0.0000    0.0000        84

                    accuracy                         0.5471      9225
                   macro avg     0.2939    0.3127    0.2737      9225
                weighted avg     0.4809    0.5471    0.4408      9225

[[   0    0    0    0    0    4    0   29    0    8    0    0    0    0
     0    0]
 [   0   94    0    0    0    1    0    0    0  264  923    0    0    3
     0    0]
 [   0    0    0    0    1    0    0    0    0    0  746    0    0    0
     0    0]
 [   0    0    0    0    0    0    0    0    0    0  213    0    0    0
     0    0]
 [   0    0    0    0  243  122    0    0    0    0   22    0    0   48
     0    0]
 [   0    0    0    0    0  625    0    0    0    0   13    0    0   19
     0    0]
 [   0    0    0    0    0   12    0   13    0    0    0    0    0    0
     0    0]
 [   0    0    0    0    0    0    0  430    0    0    0    0    0    0
     0    0]
 [   0    0    0    0    5    5    0    0    0    0    8    0    0    0
     0    0]
 [   0    0    0    0    0    6    0    0    0  408  456    0    0    5
     0    0]
 [   0    0    0    0    0    2    0    1    0   90 2109    0    0    8
     0    0]
 [   0    0    0    0    0    5    0    0    0    0  520    0    0    3
     6    0]
 [   0    0    0    0  116   29    0    0    0    0   40    0    0    0
     0    0]
 [   0    0    0    0    0    1    0    0    0    0    0    0    0 1138
     0    0]
 [   0    0    0    0   14  184    0    0    0    0    0    0    0  149
     0    0]
 [   0   20    0    0    0    0    0   42    0    1   21    0    0    0
     0    0]]