2261.7805533999926 Training_Time (s)
72.09017229999881 Test_time (s)
98.89 Overall accuracy (%)
97.29 Average accuracy (%)
98.74 Kappa accuracy (%)
[ 97.56  97.43  99.06  92.96  99.77  99.85 100.   100.    77.78  98.29
  99.86  98.13  98.38  99.91  97.69 100.  ] Each accuracy (%)
                              precision    recall  f1-score   support

                     Alfalfa     1.0000    0.9756    0.9877        41
                 Corn-notill     0.9766    0.9743    0.9755      1285
                Corn-mintill     0.9840    0.9906    0.9873       747
                        Corn     0.9802    0.9296    0.9542       213
               Grass-pasture     1.0000    0.9977    0.9988       435
                 Grass-trees     0.9924    0.9985    0.9954       657
         Grass-pasture-mowed     1.0000    1.0000    1.0000        25
               Hay-windrowed     1.0000    1.0000    1.0000       430
                        Oats     1.0000    0.7778    0.8750        18
              Soybean-notill     0.9965    0.9829    0.9896       875
             Soybean-mintill     0.9840    0.9986    0.9912      2210
               Soybean-clean     0.9924    0.9813    0.9868       534
                       Wheat     1.0000    0.9838    0.9918       185
                       Woods     0.9948    0.9991    0.9969      1139
Buildings-Grass-Trees-Drives     0.9941    0.9769    0.9855       347
          Stone-Steel-Towers     1.0000    1.0000    1.0000        84

                    accuracy                         0.9889      9225
                   macro avg     0.9934    0.9729    0.9822      9225
                weighted avg     0.9890    0.9889    0.9889      9225

[[  40    0    0    0    0    0    0    0    0    1    0    0    0    0
     0    0]
 [   0 1252    0    0    0    0    0    0    0    1   32    0    0    0
     0    0]
 [   0    7  740    0    0    0    0    0    0    0    0    0    0    0
     0    0]
 [   0   12    2  198    0    0    0    0    0    0    0    1    0    0
     0    0]
 [   0    0    0    0  434    0    0    0    0    0    1    0    0    0
     0    0]
 [   0    0    0    0    0  656    0    0    0    0    1    0    0    0
     0    0]
 [   0    0    0    0    0    0   25    0    0    0    0    0    0    0
     0    0]
 [   0    0    0    0    0    0    0  430    0    0    0    0    0    0
     0    0]
 [   0    0    4    0    0    0    0    0   14    0    0    0    0    0
     0    0]
 [   0    8    0    0    0    0    0    0    0  860    2    3    0    2
     0    0]
 [   0    1    0    0    0    0    0    0    0    0 2207    0    0    2
     0    0]
 [   0    1    3    4    0    0    0    0    0    0    0  524    0    1
     1    0]
 [   0    0    3    0    0    0    0    0    0    0    0    0  182    0
     0    0]
 [   0    0    0    0    0    0    0    0    0    0    0    0    0 1138
     1    0]
 [   0    1    0    0    0    5    0    0    0    1    0    0    0    1
   339    0]
 [   0    0    0    0    0    0    0    0    0    0    0    0    0    0
     0   84]]