2155.1818131 Training_Time (s)
39.33823950000033 Test_time (s)
98.58 Overall accuracy (%)
97.63 Average accuracy (%)
98.38 Kappa accuracy (%)
[ 97.56  97.2   99.06  96.24  99.77  99.85 100.   100.    83.33  98.74
  98.78  96.44 100.   100.    95.1  100.  ] Each accuracy (%)
                              precision    recall  f1-score   support

                     Alfalfa     1.0000    0.9756    0.9877        41
                 Corn-notill     0.9850    0.9720    0.9785      1285
                Corn-mintill     0.9737    0.9906    0.9821       747
                        Corn     0.9762    0.9624    0.9693       213
               Grass-pasture     0.9909    0.9977    0.9943       435
                 Grass-trees     0.9661    0.9985    0.9820       657
         Grass-pasture-mowed     1.0000    1.0000    1.0000        25
               Hay-windrowed     0.9977    1.0000    0.9988       430
                        Oats     1.0000    0.8333    0.9091        18
              Soybean-notill     0.9796    0.9874    0.9835       875
             Soybean-mintill     0.9882    0.9878    0.9880      2210
               Soybean-clean     0.9828    0.9644    0.9735       534
                       Wheat     0.9946    1.0000    0.9973       185
                       Woods     1.0000    1.0000    1.0000      1139
Buildings-Grass-Trees-Drives     0.9970    0.9510    0.9735       347
          Stone-Steel-Towers     0.9545    1.0000    0.9767        84

                    accuracy                         0.9858      9225
                   macro avg     0.9866    0.9763    0.9809      9225
                weighted avg     0.9859    0.9858    0.9858      9225

[[  40    0    0    0    0    0    0    0    0    1    0    0    0    0
     0    0]
 [   0 1249    4    0    0    2    0    0    0    3   24    3    0    0
     0    0]
 [   0    6  740    0    0    0    0    0    0    0    0    1    0    0
     0    0]
 [   0    0    6  205    0    0    0    0    0    0    0    2    0    0
     0    0]
 [   0    0    0    0  434    0    0    0    0    0    0    0    1    0
     0    0]
 [   0    0    0    0    0  656    0    0    0    0    1    0    0    0
     0    0]
 [   0    0    0    0    0    0   25    0    0    0    0    0    0    0
     0    0]
 [   0    0    0    0    0    0    0  430    0    0    0    0    0    0
     0    0]
 [   0    0    2    0    0    1    0    0   15    0    0    0    0    0
     0    0]
 [   0    9    0    0    0    0    0    0    0  864    1    1    0    0
     0    0]
 [   0    4    0    0    3    3    0    1    0   14 2183    2    0    0
     0    0]
 [   0    0    8    5    1    0    0    0    0    0    0  515    0    0
     1    4]
 [   0    0    0    0    0    0    0    0    0    0    0    0  185    0
     0    0]
 [   0    0    0    0    0    0    0    0    0    0    0    0    0 1139
     0    0]
 [   0    0    0    0    0   17    0    0    0    0    0    0    0    0
   330    0]
 [   0    0    0    0    0    0    0    0    0    0    0    0    0    0
     0   84]]