1924.5625854 Training_Time (s)
39.05662660000053 Test_time (s)
98.83 Overall accuracy (%)
98.41 Average accuracy (%)
98.66 Kappa accuracy (%)
[100.    96.5   99.33  97.65 100.   100.   100.   100.    88.89  99.31
  99.55  93.63 100.   100.    99.71 100.  ] Each accuracy (%)
                              precision    recall  f1-score   support

                     Alfalfa     1.0000    1.0000    1.0000        41
                 Corn-notill     0.9936    0.9650    0.9791      1285
                Corn-mintill     0.9750    0.9933    0.9841       747
                        Corn     1.0000    0.9765    0.9881       213
               Grass-pasture     0.9977    1.0000    0.9989       435
                 Grass-trees     0.9939    1.0000    0.9970       657
         Grass-pasture-mowed     1.0000    1.0000    1.0000        25
               Hay-windrowed     1.0000    1.0000    1.0000       430
                        Oats     1.0000    0.8889    0.9412        18
              Soybean-notill     0.9841    0.9931    0.9886       875
             Soybean-mintill     0.9839    0.9955    0.9897      2210
               Soybean-clean     0.9921    0.9363    0.9634       534
                       Wheat     1.0000    1.0000    1.0000       185
                       Woods     0.9939    1.0000    0.9969      1139
Buildings-Grass-Trees-Drives     0.9914    0.9971    0.9943       347
          Stone-Steel-Towers     0.8750    1.0000    0.9333        84

                    accuracy                         0.9883      9225
                   macro avg     0.9863    0.9841    0.9847      9225
                weighted avg     0.9885    0.9883    0.9883      9225

[[  41    0    0    0    0    0    0    0    0    0    0    0    0    0
     0    0]
 [   0 1240    4    0    0    1    0    0    0    3   34    1    0    1
     1    0]
 [   0    5  742    0    0    0    0    0    0    0    0    0    0    0
     0    0]
 [   0    1    2  208    0    0    0    0    0    0    0    2    0    0
     0    0]
 [   0    0    0    0  435    0    0    0    0    0    0    0    0    0
     0    0]
 [   0    0    0    0    0  657    0    0    0    0    0    0    0    0
     0    0]
 [   0    0    0    0    0    0   25    0    0    0    0    0    0    0
     0    0]
 [   0    0    0    0    0    0    0  430    0    0    0    0    0    0
     0    0]
 [   0    0    0    0    0    2    0    0   16    0    0    0    0    0
     0    0]
 [   0    1    0    0    0    0    0    0    0  869    0    1    0    4
     0    0]
 [   0    1    0    0    0    0    0    0    0    6 2200    0    0    2
     1    0]
 [   0    0   13    0    1    0    0    0    0    5    2  500    0    0
     1   12]
 [   0    0    0    0    0    0    0    0    0    0    0    0  185    0
     0    0]
 [   0    0    0    0    0    0    0    0    0    0    0    0    0 1139
     0    0]
 [   0    0    0    0    0    1    0    0    0    0    0    0    0    0
   346    0]
 [   0    0    0    0    0    0    0    0    0    0    0    0    0    0
     0   84]]