1416.4943184 Training_Time (s)
40.78646239999989 Test_time (s)
93.0 Overall accuracy (%)
89.38 Average accuracy (%)
92.02 Kappa accuracy (%)
[ 84.09  87.1   94.93  94.22  98.47  99.42  59.26 100.    73.68  98.27
  92.5   71.05 100.    99.5   85.56  92.05] Each accuracy (%)
                              precision    recall  f1-score   support

                     Alfalfa     0.9487    0.8409    0.8916        44
                 Corn-notill     0.9227    0.8710    0.8961      1357
                Corn-mintill     0.9445    0.9493    0.9469       789
                        Corn     0.9339    0.9422    0.9381       225
               Grass-pasture     0.9658    0.9847    0.9752       459
                 Grass-trees     0.9042    0.9942    0.9471       693
         Grass-pasture-mowed     0.9412    0.5926    0.7273        27
               Hay-windrowed     0.9806    1.0000    0.9902       454
                        Oats     0.9333    0.7368    0.8235        19
              Soybean-notill     0.8084    0.9827    0.8870       923
             Soybean-mintill     0.9440    0.9250    0.9344      2332
               Soybean-clean     0.9174    0.7105    0.8008       563
                       Wheat     0.9701    1.0000    0.9848       195
                       Woods     0.9967    0.9950    0.9958      1202
Buildings-Grass-Trees-Drives     0.9721    0.8556    0.9101       367
          Stone-Steel-Towers     0.7714    0.9205    0.8394        88

                    accuracy                         0.9300      9737
                   macro avg     0.9284    0.8938    0.9055      9737
                weighted avg     0.9329    0.9300    0.9292      9737

[[  37    0    0    0    0    0    0    6    0    1    0    0    0    0
     0    0]
 [   2 1182   15    0    0    1    0    3    0   55   96    1    0    0
     1    1]
 [   0   27  749    8    0    0    0    0    0    0    0    5    0    0
     0    0]
 [   0   11    1  212    0    0    0    0    0    0    0    1    0    0
     0    0]
 [   0    0    1    0  452    0    1    0    0    5    0    0    0    0
     0    0]
 [   0    0    0    0    0  689    0    0    0    0    4    0    0    0
     0    0]
 [   0    0    0    0   10    1   16    0    0    0    0    0    0    0
     0    0]
 [   0    0    0    0    0    0    0  454    0    0    0    0    0    0
     0    0]
 [   0    0    4    0    0    1    0    0   14    0    0    0    0    0
     0    0]
 [   0   10    0    0    0    3    0    0    0  907    3    0    0    0
     0    0]
 [   0   37   11    0    5   15    0    0    0   75 2157   25    0    4
     2    1]
 [   0   10   12    7    0    0    0    0    1   79   25  400    4    0
     3   22]
 [   0    0    0    0    0    0    0    0    0    0    0    0  195    0
     0    0]
 [   0    0    0    0    0    1    0    0    0    0    0    1    1 1196
     3    0]
 [   0    0    0    0    1   51    0    0    0    0    0    0    1    0
   314    0]
 [   0    4    0    0    0    0    0    0    0    0    0    3    0    0
     0   81]]