2228.9711269 Training_Time (s)
40.050032200000715 Test_time (s)
98.55 Overall accuracy (%)
97.19 Average accuracy (%)
98.34 Kappa accuracy (%)
[ 80.49  97.59  99.06  93.43  97.01  99.85 100.   100.    94.44  99.09
  98.96  95.51 100.    99.65 100.   100.  ] Each accuracy (%)
                              precision    recall  f1-score   support

                     Alfalfa     1.0000    0.8049    0.8919        41
                 Corn-notill     0.9874    0.9759    0.9816      1285
                Corn-mintill     0.9585    0.9906    0.9743       747
                        Corn     0.9950    0.9343    0.9637       213
               Grass-pasture     1.0000    0.9701    0.9848       435
                 Grass-trees     0.9909    0.9985    0.9947       657
         Grass-pasture-mowed     0.6579    1.0000    0.7937        25
               Hay-windrowed     0.9817    1.0000    0.9908       430
                        Oats     1.0000    0.9444    0.9714        18
              Soybean-notill     0.9886    0.9909    0.9897       875
             Soybean-mintill     0.9883    0.9896    0.9889      2210
               Soybean-clean     0.9865    0.9551    0.9705       534
                       Wheat     0.9946    1.0000    0.9973       185
                       Woods     0.9974    0.9965    0.9969      1139
Buildings-Grass-Trees-Drives     0.9802    1.0000    0.9900       347
          Stone-Steel-Towers     0.9545    1.0000    0.9767        84

                    accuracy                         0.9855      9225
                   macro avg     0.9663    0.9719    0.9661      9225
                weighted avg     0.9861    0.9855    0.9855      9225

[[  33    0    0    0    0    0    0    8    0    0    0    0    0    0
     0    0]
 [   0 1254    1    0    0    1    0    0    0    2   25    2    0    0
     0    0]
 [   0    7  740    0    0    0    0    0    0    0    0    0    0    0
     0    0]
 [   0    2   11  199    0    0    0    0    0    0    0    1    0    0
     0    0]
 [   0    0    0    0  422    0   13    0    0    0    0    0    0    0
     0    0]
 [   0    0    0    0    0  656    0    0    0    0    1    0    0    0
     0    0]
 [   0    0    0    0    0    0   25    0    0    0    0    0    0    0
     0    0]
 [   0    0    0    0    0    0    0  430    0    0    0    0    0    0
     0    0]
 [   0    0    1    0    0    0    0    0   17    0    0    0    0    0
     0    0]
 [   0    6    0    0    0    0    0    0    0  867    0    2    0    0
     0    0]
 [   0    1    7    0    0    5    0    0    0    7 2187    2    1    0
     0    0]
 [   0    0   12    1    0    0    0    0    0    1    0  510    0    3
     3    4]
 [   0    0    0    0    0    0    0    0    0    0    0    0  185    0
     0    0]
 [   0    0    0    0    0    0    0    0    0    0    0    0    0 1135
     4    0]
 [   0    0    0    0    0    0    0    0    0    0    0    0    0    0
   347    0]
 [   0    0    0    0    0    0    0    0    0    0    0    0    0    0
     0   84]]