1274.0388184999997 Training_Time (s)
40.76100559999941 Test_time (s)
92.48 Overall accuracy (%)
91.15 Average accuracy (%)
91.44 Kappa accuracy (%)
[ 93.18  81.13  95.94  86.22  98.47  99.71  66.67 100.    89.47  96.21
  93.27  80.46 100.    98.92  79.84  98.86] Each accuracy (%)
                              precision    recall  f1-score   support

                     Alfalfa     1.0000    0.9318    0.9647        44
                 Corn-notill     0.9658    0.8113    0.8819      1357
                Corn-mintill     0.9266    0.9594    0.9427       789
                        Corn     0.9749    0.8622    0.9151       225
               Grass-pasture     0.9720    0.9847    0.9784       459
                 Grass-trees     0.8986    0.9971    0.9453       693
         Grass-pasture-mowed     1.0000    0.6667    0.8000        27
               Hay-windrowed     0.9680    1.0000    0.9837       454
                        Oats     0.8947    0.8947    0.8947        19
              Soybean-notill     0.8051    0.9621    0.8766       923
             Soybean-mintill     0.9319    0.9327    0.9323      2332
               Soybean-clean     0.8762    0.8046    0.8389       563
                       Wheat     0.9286    1.0000    0.9630       195
                       Woods     0.9941    0.9892    0.9917      1202
Buildings-Grass-Trees-Drives     0.9575    0.7984    0.8707       367
          Stone-Steel-Towers     0.6493    0.9886    0.7838        88

                    accuracy                         0.9248      9737
                   macro avg     0.9215    0.9115    0.9102      9737
                weighted avg     0.9296    0.9248    0.9245      9737

[[  41    0    0    0    0    0    0    1    0    2    0    0    0    0
     0    0]
 [   0 1101   23    3    0    0    0    0    0   92  119    8    0    3
     4    4]
 [   0    9  757    0    0    0    0    0    0    0    2   21    0    0
     0    0]
 [   0    6   18  194    0    1    0    0    0    0    0    4    1    0
     0    1]
 [   0    0    1    0  452    0    0    0    0    3    0    0    3    0
     0    0]
 [   0    0    0    0    0  691    0    0    0    0    2    0    0    0
     0    0]
 [   0    0    0    0    6    0   18    3    0    0    0    0    0    0
     0    0]
 [   0    0    0    0    0    0    0  454    0    0    0    0    0    0
     0    0]
 [   0    0    2    0    0    0    0    0   17    0    0    0    0    0
     0    0]
 [   0    3    0    0    0    4    0    0    0  888   24    1    0    3
     0    0]
 [   0   21    8    0    6    6    0    2    0   76 2175   27    7    0
     1    3]
 [   0    0    8    2    0    0    0    9    1   36   12  453    0    0
     3   39]
 [   0    0    0    0    0    0    0    0    0    0    0    0  195    0
     0    0]
 [   0    0    0    0    1    4    0    0    1    0    0    2    0 1189
     5    0]
 [   0    0    0    0    0   63    0    0    0    6    0    0    4    1
   293    0]
 [   0    0    0    0    0    0    0    0    0    0    0    1    0    0
     0   87]]