1268.0942606999997 Training_Time (s)
40.577678800000285 Test_time (s)
94.04 Overall accuracy (%)
84.59 Average accuracy (%)
93.21 Kappa accuracy (%)
[ 34.09  85.78  95.18  89.78  98.69  99.71  37.04  99.78  42.11  95.45
  95.63  80.82 100.    99.33 100.   100.  ] Each accuracy (%)
                              precision    recall  f1-score   support

                     Alfalfa     1.0000    0.3409    0.5085        44
                 Corn-notill     0.9364    0.8578    0.8954      1357
                Corn-mintill     0.9203    0.9518    0.9358       789
                        Corn     0.9528    0.8978    0.9245       225
               Grass-pasture     0.9659    0.9869    0.9763       459
                 Grass-trees     0.9788    0.9971    0.9878       693
         Grass-pasture-mowed     1.0000    0.3704    0.5405        27
               Hay-windrowed     0.9340    0.9978    0.9649       454
                        Oats     1.0000    0.4211    0.5926        19
              Soybean-notill     0.8935    0.9545    0.9230       923
             Soybean-mintill     0.9397    0.9563    0.9479      2332
               Soybean-clean     0.9248    0.8082    0.8626       563
                       Wheat     0.9799    1.0000    0.9898       195
                       Woods     0.9983    0.9933    0.9958      1202
Buildings-Grass-Trees-Drives     0.9338    1.0000    0.9658       367
          Stone-Steel-Towers     0.6567    1.0000    0.7928        88

                    accuracy                         0.9404      9737
                   macro avg     0.9384    0.8459    0.8628      9737
                weighted avg     0.9423    0.9404    0.9390      9737

[[  15    0    0    0    0    0    0   27    0    2    0    0    0    0
     0    0]
 [   0 1164   19    4    2    0    0    0    0   48  100    8    0    0
     7    5]
 [   0   27  751    5    0    0    0    0    0    0    0    6    0    0
     0    0]
 [   0   17    1  202    0    0    0    0    0    0    2    3    0    0
     0    0]
 [   0    0    0    0  453    1    0    0    0    1    0    0    4    0
     0    0]
 [   0    0    0    0    0  691    0    0    0    0    2    0    0    0
     0    0]
 [   0    0    0    0    8    4   10    5    0    0    0    0    0    0
     0    0]
 [   0    0    0    0    0    0    0  453    0    0    0    0    0    1
     0    0]
 [   0    0    8    0    0    3    0    0    8    0    0    0    0    0
     0    0]
 [   0   16    0    0    0    0    0    0    0  881   25    0    0    1
     0    0]
 [   0   10   20    0    3    7    0    0    0   29 2230   20    0    0
     4    9]
 [   0    9   17    1    2    0    0    0    0   25   14  455    0    0
     8   32]
 [   0    0    0    0    0    0    0    0    0    0    0    0  195    0
     0    0]
 [   0    0    0    0    1    0    0    0    0    0    0    0    0 1194
     7    0]
 [   0    0    0    0    0    0    0    0    0    0    0    0    0    0
   367    0]
 [   0    0    0    0    0    0    0    0    0    0    0    0    0    0
     0   88]]