1272.7751005999999 Training_Time (s)
40.617524299999786 Test_time (s)
94.56 Overall accuracy (%)
92.59 Average accuracy (%)
93.8 Kappa accuracy (%)
[ 86.36  82.17  94.68  97.33  99.35 100.    70.37 100.    78.95  97.29
  96.05  87.74 100.    99.58  92.64  98.86] Each accuracy (%)
                              precision    recall  f1-score   support

                     Alfalfa     1.0000    0.8636    0.9268        44
                 Corn-notill     0.9772    0.8217    0.8927      1357
                Corn-mintill     0.8830    0.9468    0.9138       789
                        Corn     0.8866    0.9733    0.9280       225
               Grass-pasture     0.9892    0.9935    0.9913       459
                 Grass-trees     0.9519    1.0000    0.9754       693
         Grass-pasture-mowed     1.0000    0.7037    0.8261        27
               Hay-windrowed     0.9763    1.0000    0.9880       454
                        Oats     1.0000    0.7895    0.8824        19
              Soybean-notill     0.9007    0.9729    0.9354       923
             Soybean-mintill     0.9483    0.9605    0.9544      2332
               Soybean-clean     0.9286    0.8774    0.9023       563
                       Wheat     0.9799    1.0000    0.9898       195
                       Woods     0.9884    0.9958    0.9921      1202
Buildings-Grass-Trees-Drives     0.9471    0.9264    0.9366       367
          Stone-Steel-Towers     0.7436    0.9886    0.8488        88

                    accuracy                         0.9456      9737
                   macro avg     0.9438    0.9259    0.9302      9737
                weighted avg     0.9476    0.9456    0.9450      9737

[[  38    0    0    0    0    0    0    4    0    2    0    0    0    0
     0    0]
 [   0 1115   53    2    0    2    0    1    0   63  101    6    0    4
     7    3]
 [   0    9  747   19    0    0    0    0    0    0    0   14    0    0
     0    0]
 [   0    1    3  219    0    0    0    0    0    0    1    1    0    0
     0    0]
 [   0    0    1    0  456    0    0    0    0    0    0    0    2    0
     0    0]
 [   0    0    0    0    0  693    0    0    0    0    0    0    0    0
     0    0]
 [   0    0    0    0    2    0   19    6    0    0    0    0    0    0
     0    0]
 [   0    0    0    0    0    0    0  454    0    0    0    0    0    0
     0    0]
 [   0    0    4    0    0    0    0    0   15    0    0    0    0    0
     0    0]
 [   0    7    0    0    0    0    0    0    0  898   13    0    0    5
     0    0]
 [   0    7   28    0    1    6    0    0    0   29 2240   16    1    4
     0    0]
 [   0    2   10    7    2    0    0    0    0    5    7  494    0    1
     8   27]
 [   0    0    0    0    0    0    0    0    0    0    0    0  195    0
     0    0]
 [   0    0    0    0    0    0    0    0    0    0    0    0    1 1197
     4    0]
 [   0    0    0    0    0   27    0    0    0    0    0    0    0    0
   340    0]
 [   0    0    0    0    0    0    0    0    0    0    0    1    0    0
     0   87]]